1 ms24_0001.jpg
0 256 1356 2151
2 ms24_0002.jpg
3 ms24_0003.jpg
4 ms24_0004.jpg
5 ms24_0005.jpg
6 ms24_0006.jpg
411 75 275 1265
1069 78 421 1254
712 87 324 1249
7 ms24_0007.jpg
597 132 295 1212
258 116 525 1210
922 70 639 1245
8 ms24_0008.jpg
581 141 346 1436
201 86 692 1486
1332 140 300 1422
982 145 294 1427
9 ms24_0009.jpg
881 70 625 1204
914 150 251 1023
1174 172 324 990
326 149 249 1053
612 175 282 999
10 ms24_0010.jpg
239 93 1344 1875
11 ms24_0011.jpg
180 48 630 1874
113 64 323 1847
12 ms24_0012.jpg
13 ms24_0013.jpg
14 ms24_0014.jpg
1276 104 334 1157
33 744 265 270
15 ms24_0015.jpg
16 ms24_0016.jpg
1059 57 586 1336
314 112 733 1280
17 ms24_0017.jpg
336 67 519 1014
955 73 671 1005
18 ms24_0018.jpg
999 60 247 1058
1226 53 356 1052
841 70 336 1044
4 0 333 1213
1090 65 282 1048
207 61 627 1048
19 ms24_0019.jpg
421 80 983 1025
20 ms24_0020.jpg
21 ms24_0021.jpg
22 ms24_0022.jpg
1077 224 398 1890
25 790 180 122
23 ms24_0023.jpg
24 ms24_0024.jpg
1133 140 520 1104
393 43 489 2348
25 ms24_0025.jpg
26 ms24_0026.jpg
27 ms24_0027.jpg
28 ms24_0028.jpg
29 ms24_0029.jpg
0 0 206 2390
72 0 594 2499
1317 2012 392 462
225 1842 355 542
30 ms24_0030.jpg
898 40 506 2268
31 ms24_0031.jpg
146 113 450 1058
32 ms24_0032.jpg
595 12 429 2406
1229 65 425 2289
33 ms24_0033.jpg
49 0 582 2407
34 ms24_0034.jpg
675 28 462 2289
244 59 455 1146
35 ms24_0035.jpg
36 ms24_0036.jpg
37 ms24_0037.jpg
236 54 1065 2373
38 ms24_0038.jpg
39 ms24_0039.jpg
189 81 1105 2312
40 ms24_0040.jpg
158 4 1427 2353
41 ms24_0041.jpg
42 ms24_0042.jpg
43 ms24_0043.jpg
44 ms24_0044.jpg
285 0 1250 2464
45 ms24_0045.jpg
46 ms24_0046.jpg
1022 71 447 1491
97 75 620 1695
47 ms24_0047.jpg
668 89 643 2190
743 107 521 1120
151 64 475 2252
48 ms24_0048.jpg
49 ms24_0049.jpg
140 1172 980 983
50 ms24_0050.jpg
51 ms24_0051.jpg
758 1685 753 721
788 920 861 857
52 ms24_0052.jpg
53 ms24_0053.jpg
902 1384 764 660
54 ms24_0054.jpg
55 ms24_0055.jpg
56 ms24_0056.jpg
57 ms24_0057.jpg
646 189 960 930
58 ms24_0058.jpg
59 ms24_0059.jpg
60 ms24_0060.jpg
966 1022 490 330
298 989 1270 1286
61 ms24_0061.jpg
199 128 827 466
62 ms24_0062.jpg
47 96 1539 385
63 ms24_0063.jpg
64 ms24_0064.jpg
65 ms24_0065.jpg
53 0 1503 2423
66 ms24_0066.jpg
67 ms24_0067.jpg
68 ms24_0068.jpg
69 ms24_0069.jpg
70 ms24_0070.jpg
71 ms24_0071.jpg
72 ms24_0072.jpg
73 ms24_0073.jpg
74 ms24_0074.jpg
75 ms24_0075.jpg
76 ms24_0076.jpg
77 ms24_0077.jpg
78 ms24_0078.jpg
79 ms24_0079.jpg
80 ms24_0080.jpg
81 ms24_0081.jpg
82 ms24_0082.jpg
83 ms24_0083.jpg
84 ms24_0084.jpg
85 ms24_0085.jpg
86 ms24_0086.jpg
451 2280 800 219
13 8 310 421
87 ms24_0087.jpg
88 ms24_0088.jpg
45 1693 93 70
89 ms24_0089.jpg
90 ms24_0090.jpg
77 701 111 113
91 ms24_0091.jpg
92 ms24_0092.jpg
93 ms24_0093.jpg
94 ms24_0094.jpg
69 3 1597 178
95 ms24_0095.jpg
96 ms24_0096.jpg
44 3 1610 189
97 ms24_0097.jpg
98 ms24_0098.jpg
99 ms24_0099.jpg
100 ms24_0100.jpg
0 4 1573 184
101 ms24_0101.jpg
1469 344 98 103
102 ms24_0102.jpg
103 ms24_0103.jpg
104 ms24_0104.jpg
105 ms24_0105.jpg
1516 1159 99 72
106 ms24_0106.jpg
107 ms24_0107.jpg
27 726 232 80
108 ms24_0108.jpg
109 ms24_0109.jpg
110 ms24_0110.jpg
111 ms24_0111.jpg
0 222 1690 1434
112 ms24_0112.jpg
113 ms24_0113.jpg
114 ms24_0114.jpg
0 0 1615 172
115 ms24_0115.jpg
116 ms24_0116.jpg
117 ms24_0117.jpg
118 ms24_0118.jpg
21 2 1586 187
119 ms24_0119.jpg
120 ms24_0120.jpg
121 ms24_0121.jpg
122 ms24_0122.jpg
123 ms24_0123.jpg
124 ms24_0124.jpg
125 ms24_0125.jpg
126 ms24_0126.jpg
127 ms24_0127.jpg
128 ms24_0128.jpg
129 ms24_0129.jpg
130 ms24_0130.jpg
131 ms24_0131.jpg
132 ms24_0132.jpg
133 ms24_0133.jpg
134 ms24_0134.jpg
135 ms24_0135.jpg
136 ms24_0136.jpg
137 ms24_0137.jpg
138 ms24_0138.jpg
139 ms24_0139.jpg
140 ms24_0140.jpg
141 ms24_0141.jpg
142 ms24_0142.jpg
143 ms24_0143.jpg
144 ms24_0144.jpg
5 2222 1731 272
145 ms24_0145.jpg
146 ms24_0146.jpg
147 ms24_0147.jpg
148 ms24_0148.jpg
280 2283 1485 216
149 ms24_0149.jpg
150 ms24_0150.jpg
151 ms24_0151.jpg
152 ms24_0152.jpg
153 ms24_0153.jpg
154 ms24_0154.jpg
114 1380 215 274
155 ms24_0155.jpg
156 ms24_0156.jpg
35 5 1682 178
157 ms24_0157.jpg
967 2163 770 329
450 9 567 224
154 2151 1410 348
990 1 705 226
158 ms24_0158.jpg
0 2 1221 223
613 43 547 190
89 1212 125 152
1149 10 513 232
65 981 165 233
159 ms24_0159.jpg
160 ms24_0160.jpg
1040 1634 629 554
280 308 1326 1326
161 ms24_0161.jpg
162 ms24_0162.jpg
163 ms24_0163.jpg
164 ms24_0164.jpg
165 ms24_0165.jpg
166 ms24_0166.jpg
167 ms24_0167.jpg
168 ms24_0168.jpg
169 ms24_0169.jpg
170 ms24_0170.jpg
171 ms24_0171.jpg
172 ms24_0172.jpg
173 ms24_0173.jpg
174 ms24_0174.jpg
175 ms24_0175.jpg
176 ms24_0176.jpg
177 ms24_0177.jpg
178 ms24_0178.jpg
179 ms24_0179.jpg
1557 622 135 160
180 ms24_0180.jpg
181 ms24_0181.jpg
58 28 1556 2471
182 ms24_0182.jpg
285 0 1459 1886
183 ms24_0183.jpg
755 301 821 1221
625 1729 855 565
70 173 570 531
184 ms24_0184.jpg
33 5 1624 167
163 287 1443 1004
901 303 671 330
185 ms24_0185.jpg
186 ms24_0186.jpg
12 1 1731 291
187 ms24_0187.jpg
188 ms24_0188.jpg
0 700 1785 1757
189 ms24_0189.jpg
538 203 710 661
570 912 657 171
