1 ms86_0001.jpg
0 38 2462 1900
2 ms86_0002.jpg
3 ms86_0003.jpg
1694 1550 162 179
1350 333 713 151
4 ms86_0004.jpg
5 ms86_0005.jpg
166 1459 318 174
175 909 288 256
6 ms86_0006.jpg
7 ms86_0007.jpg
8 ms86_0008.jpg
9 ms86_0009.jpg
10 ms86_0010.jpg
11 ms86_0011.jpg
1676 695 302 311
12 ms86_0012.jpg
422 1051 391 365
13 ms86_0013.jpg
14 ms86_0014.jpg
15 ms86_0015.jpg
16 ms86_0016.jpg
17 ms86_0017.jpg
1996 812 159 158
2007 652 144 157
18 ms86_0018.jpg
160 391 286 449
19 ms86_0019.jpg
244 911 162 162
20 ms86_0020.jpg
161 136 976 1464
21 ms86_0021.jpg
22 ms86_0022.jpg
23 ms86_0023.jpg
24 ms86_0024.jpg
1201 1535 959 208
25 ms86_0025.jpg
26 ms86_0026.jpg
27 ms86_0027.jpg
244 703 217 392
28 ms86_0028.jpg
131 357 194 223
29 ms86_0029.jpg
30 ms86_0030.jpg
31 ms86_0031.jpg
32 ms86_0032.jpg
33 ms86_0033.jpg
34 ms86_0034.jpg
35 ms86_0035.jpg
36 ms86_0036.jpg
37 ms86_0037.jpg
38 ms86_0038.jpg
39 ms86_0046.jpg
5277 2820 752 709
3690 3982 1969 904
1163 253 1133 455
40 ms86_0047.jpg
5224 3071 715 473
803 179 974 265
5141 2028 879 524
41 ms86_0048.jpg
42 ms86_0055.jpg
1354 3973 1053 453
43 ms86_0056.jpg
754 2650 1214 1292
44 ms86_0057.jpg
45 ms86_0064.jpg
264 2518 620 341
290 3502 616 308
318 3170 561 327
46 ms86_0073.jpg
3863 2543 364 328
4218 3467 376 294
3875 3451 413 308
47 ms86_0082.jpg
48 ms86_0083.jpg
49 ms86_0084.jpg
50 ms86_0089.jpg
5604 2801 644 637
4114 4147 1533 692
51 ms86_0090.jpg
52 ms86_0098.jpg
53 ms86_0104.jpg
54 ms86_0105.jpg
55 ms86_0113.jpg
56 ms86_0114.jpg
57 ms86_0123.jpg
5529 2533 483 509
3374 676 2028 464
5528 3431 507 881
58 ms86_0131.jpg
4462 1979 985 446
2483 3445 591 682
1848 3432 581 686
59 ms86_0132.jpg
4601 1188 913 387
1083 3173 930 466
60 ms86_0133.jpg
2102 3079 897 381
4801 2552 683 301
1065 1093 778 421
61 ms86_0138.jpg
3547 712 1984 357
1062 1345 480 472
4543 3023 851 651
62 ms86_0139.jpg
1198 1479 727 631
1128 3324 707 509
4894 3427 643 632
63 ms86_0140.jpg
4942 2832 561 527
1226 2923 557 563
64 ms86_0146.jpg
5471 924 541 363
5246 2012 348 400
5268 2350 339 248
3342 823 2076 337
5264 1619 312 372
5395 2654 331 396
5366 1268 649 372
5669 2390 644 433
5660 1973 324 416
5620 1639 544 350
5164 4106 641 706
65 ms86_0147.jpg
2386 3458 599 526
2494 1744 494 593
4782 2715 474 528
66 ms86_0154.jpg
955 2128 630 562
4666 2193 543 591
4662 3575 519 553
4727 971 539 556
67 ms86_0155.jpg
1043 1567 573 391
4657 2539 612 389
1054 3003 601 396
5237 2243 569 410
1642 3023 676 359
5278 2629 535 452
68 ms86_0156.jpg
1045 1172 561 571
1589 1166 538 578
4710 2063 557 599
1578 3305 516 571
1030 3294 549 573
4698 3387 561 617
4153 3402 566 594
4180 2065 580 594
69 ms86_0161.jpg
5496 2394 352 355
5549 743 315 274
5497 2050 363 356
5533 1005 318 225
5498 1214 393 424
5729 1225 516 428
5493 1635 392 434
3412 776 1999 377
4461 3551 776 536
70 ms86_0162.jpg
4616 1603 725 518
1671 2107 487 604
1139 2086 558 583
4109 1589 528 504
4593 3550 636 589
71 ms86_0163.jpg
1148 3338 553 580
1145 2619 554 614
1185 2027 516 545
4757 2776 554 575
72 ms86_0170.jpg
4678 3304 562 781
73 ms86_0171.jpg
4532 2408 857 873
74 ms86_0177.jpg
5377 2995 345 1314
75 ms86_0178.jpg
76 ms86_0179.jpg
1107 748 2089 392
4557 2319 747 697
77 ms86_0180.jpg
4331 3403 792 753
961 2761 787 654
78 ms86_0185.jpg
3805 4183 869 387
1873 2146 1034 828
4347 1984 753 900
79 ms86_0186.jpg
1058 2612 1230 588
3776 4233 1104 432
80 ms86_0187.jpg
1032 1579 1553 542
3779 4175 390 475
3657 1086 1517 615
4176 4178 393 479
81 ms86_0188.jpg
3933 2846 603 566
4561 2852 578 582
82 ms86_0191.jpg
4401 1273 814 513
4417 3681 770 607
83 ms86_0192.jpg
4704 2037 447 543
4233 3282 1013 554
1024 2415 862 502
84 ms86_0193.jpg
4239 982 1084 859
85 ms86_0195.jpg
4342 1001 945 524
3881 4237 429 462
4388 4264 459 472
86 ms86_0198.jpg
1029 2166 469 816
4793 2538 452 904
87 ms86_0199.jpg
1196 1209 400 794
88 ms86_0200.jpg
1119 3050 441 737
89 ms86_0201.jpg
90 ms86_0206.jpg
91 ms86_0207.jpg
92 ms86_0208.jpg
1274 2115 342 1227
93 ms86_0209.jpg
94 ms86_0211.jpg
5646 2771 94 390
5848 2754 122 522
5378 2748 658 1920
1283 1953 536 1195
5920 2743 176 551
4639 4236 432 456
95 ms86_0212.jpg
1175 1546 974 1572
4513 1764 862 1201
1623 2579 511 484
96 ms86_0213.jpg
1111 939 652 1079
97 ms86_0218.jpg
1267 3036 662 1010
98 ms86_0219.jpg
99 ms86_0220.jpg
1381 1420 465 850
3641 781 1905 303
100 ms86_0221.jpg
101 ms86_0222.jpg
4689 2134 794 654
1339 2852 895 584
102 ms86_0225.jpg
103 ms86_0226.jpg
104 ms86_0227.jpg
4446 1799 935 238
105 ms86_0229.jpg
106 ms86_0231.jpg
107 ms86_0232.jpg
108 ms86_0233.jpg
109 ms86_0234.jpg
1190 1754 542 783
110 ms86_0235.jpg
111 ms86_0237.jpg
1214 2898 368 875
1176 1022 679 459
112 ms86_0241.jpg
1205 1617 994 908
113 ms86_0244.jpg
1195 3201 690 521
4728 2031 699 515
114 ms86_0245.jpg
1782 1321 240 317
115 ms86_0246.jpg
459 1358 557 200
1623 1013 427 175
116 ms86_0250.jpg
1613 927 377 223
117 ms86_0251.jpg
1660 755 384 225
118 ms86_0252.jpg
1811 408 233 176
119 ms86_0253.jpg
1716 802 293 219
120 ms86_0254.jpg
501 581 335 168
518 687 310 78
1713 366 325 176
121 ms86_0257.jpg
1519 984 449 219
673 1002 231 187
122 ms86_0258.jpg
1556 396 438 208
457 703 469 207
123 ms86_0259.jpg
1717 947 273 221
456 1237 274 222
124 ms86_0260.jpg
1726 636 277 233
443 868 281 256
125 ms86_0261.jpg
1610 1240 375 150
438 1137 288 196
126 ms86_0262.jpg
430 892 377 92
1663 691 337 151
127 ms86_0266.jpg
429 560 371 87
128 ms86_0267.jpg
1699 912 287 220
129 ms86_0268.jpg
130 ms86_0269.jpg
1672 397 324 194
131 ms86_0273.jpg
1447 756 494 259
132 ms86_0274.jpg
1495 503 488 234
133 ms86_0275.jpg
452 973 500 213
739 973 195 210
1514 1068 465 239
134 ms86_0276.jpg
695 1296 220 229
1672 1292 296 266
430 1295 495 237
135 ms86_0277.jpg
1668 900 287 249
136 ms86_0278.jpg
400 1303 295 224
137 ms86_0281.jpg
1708 919 253 117
438 1066 304 98
138 ms86_0282.jpg
433 507 401 172
139 ms86_0283.jpg
140 ms86_0284.jpg
1729 1049 265 166
141 ms86_0285.jpg
457 845 400 177
142 ms86_0290.jpg
1668 535 295 163
418 1003 167 285
143 ms86_0291.jpg
412 1213 308 179
1742 635 216 327
384 596 180 283
144 ms86_0292.jpg
1690 344 271 158
1670 940 297 217
392 466 362 236
145 ms86_0293.jpg
1749 1090 207 285
369 730 339 226
1666 292 313 354
146 ms86_0298.jpg
1449 269 508 276
147 ms86_0299.jpg
1731 613 219 226
1481 599 474 237
354 849 234 152
579 842 226 159
1590 1265 350 227
148 ms86_0303.jpg
1470 1225 231 201
1445 1233 508 198
149 ms86_0305.jpg
1419 1066 269 199
1691 1067 256 208
150 ms86_0306.jpg
486 1125 389 197
744 1128 192 197
1358 880 621 168
151 ms86_0311.jpg
152 ms86_0312.jpg
1280 1221 648 294
710 644 315 288
395 642 305 273
153 ms86_0313.jpg
1526 289 335 289
1738 289 283 296
154 ms86_0314.jpg
1715 917 225 234
1486 913 239 235
369 621 216 292
155 ms86_0319.jpg
156 ms86_0323.jpg
157 ms86_0324.jpg
458 989 473 472
158 ms86_0325.jpg
1738 1029 263 340
472 1293 221 207
974 1300 202 208
733 1300 211 204
159 ms86_0326.jpg
499 1149 207 208
1734 1043 280 275
160 ms86_0332.jpg
490 296 244 256
161 ms86_0333.jpg
1808 317 244 255
506 668 250 253
162 ms86_0337.jpg
1693 873 333 188
1417 1002 594 594
163 ms86_0339.jpg
1694 821 325 537
164 ms86_0345.jpg
165 ms86_0347.jpg
683 1280 155 153
1342 341 736 166
166 ms86_0348.jpg
167 ms86_0349.jpg
168 ms86_0351.jpg
169 ms86_0352.jpg
170 ms86_0356.jpg
316 1247 899 477
171 ms86_0357.jpg
1561 647 466 451
172 ms86_0358.jpg
443 1472 532 222
1340 960 609 635
173 ms86_0364.jpg
1324 1088 705 284
489 328 393 204
486 1216 399 242
486 779 407 243
174 ms86_0365.jpg
502 1237 417 255
512 927 413 242
501 360 434 249
229 498 234 764
175 ms86_0372.jpg
176 ms86_0373.jpg
1681 1158 459 372
163 635 970 850
1208 1155 443 356
177 ms86_0374.jpg
246 536 920 399
530 1104 559 391
178 ms86_0379.jpg
179 ms86_0380.jpg
180 ms86_0381.jpg
335 897 494 316
181 ms86_0388.jpg
400 296 720 554
383 920 738 548
182 ms86_0389.jpg
1191 307 744 587
1182 905 727 601
365 884 732 591
183 ms86_0395.jpg
184 ms86_0396.jpg
1408 1003 536 536
185 ms86_0397.jpg
186 ms86_0398.jpg
447 634 656 395
1481 1196 473 326
187 ms86_0403.jpg
188 ms86_0404.jpg
1633 1171 331 333
189 ms86_0405.jpg
1709 957 456 481
1225 958 464 466
190 ms86_0406.jpg
1495 1364 420 218
191 ms86_0409.jpg
137 336 1010 1148
192 ms86_0410.jpg
193 ms86_0411.jpg
203 376 922 599
194 ms86_0413.jpg
49 117 291 1368
323 546 648 678
1178 383 1080 1105
